39
-56.2369
-3.0237
-5.09466
0.626046
-2.23892
0.128641
0.176582
0.652099
1.58343
0.921382
0.36325
1.16586
-0.201793
-0.000214997
0.000236245
-0.000242444
-8.13407e-05
-7.95607e-06
-0.000103448
3.0021e-05
8.86679e-05
-8.56574e-05
-2.01521e-05
0.000118113
-3.30425e-05
-0.00011532
-1.68239e-06
7.08127e-06
5.07288e-05
1.17602e-05
5.17194e-05
6.12402e-05
-9.53276e-06
-5.45946e-05
-1.41031e-05
-3.17516e-05
-2.98884e-05
-6.05412e-06
2.32988e-06
7.73883
2.9866
4.62519
1.94508
2.09004
1.47973
1.21673
1.2011
1.73079
1.13486
1.24819
1.13784
1.19118
1.22295
0.636996
0.576365
0.502631
0.492994
0.461199
0.44855
0.437638
0.443015
0.414859
0.411288
0.391305
0.395713
0.882822
0.492294
0.445088
0.40675
0.399035
0.378783
0.370518
0.359694
0.363892
0.34246
0.338527
0.322264
0.323726
